0 0.9758423566818237 86 269 186 374
0 0.9482913017272949 450 141 483 188
0 0.9739725589752197 360 214 481 374
0 0.8208644390106201 455 188 499 374
0 0.8136974573135376 251 198 317 325
0 0.7462810277938843 446 130 491 193
0 0.8507757186889648 279 181 314 219
0 0.9866724610328674 293 203 374 372
0 0.706434965133667 215 342 340 374
0 0.723556637763977 278 181 319 225
0 0.7960329055786133 368 212 481 310
0 0.8695403933525085 6 239 70 374
0 0.7287507057189941 168 170 194 193
0 0.9638852477073669 166 260 252 372
0 0.8889228701591492 166 177 208 224
0 0.948147177696228 165 175 212 228
0 0.7339046001434326 161 151 213 196
0 0.9724137187004089 168 217 232 285
